0 -4.028483
1 -1.986591
2 -1.986591
3 -1.986591
4 -1.986591
5 -1.986591
6 -1.986591
7 -1.986591
8 -1.986591
9 -2.009652
10 -1.80538
11 -1.843135
12 -1.800509
13 -1.78259
14 -1.548153
15 -1.544202
16 -1.517699
17 -1.501817
18 -1.411618
19 -1.446648
20 -1.353091
21 -1.298649
22 -1.296955
23 -1.267343
24 -1.259033
25 -1.30953
26 -1.318236
27 -1.213542
28 -1.138729
29 -1.175766
30 -1.149114
31 -1.141833
32 -1.096134
33 -1.052644
34 -1.05658
35 -1.055797
36 -1.058234
37 -0.965319
38 -1.050561
39 -1.024293
40 -1.001154
41 -0.872372
42 -0.884891
43 -0.920347
44 -0.971714
45 -0.851718
46 -0.888093
47 -0.876853
48 -0.865527
49 -0.791214
50 -0.794704
51 -0.690327
52 -0.698343
53 -0.746654
54 -0.749354
55 -0.850821
56 -0.852985
57 -0.824894
58 -0.748469
59 -0.738303
60 -0.738303
61 -0.688466
62 -0.690483
63 -0.703098
64 -0.736447
65 -0.614478
66 -0.645177
67 -0.768934
68 -1.100084
69 -0.813199
70 -0.732471
71 -0.829963
72 -0.851679
73 -0.972437
74 -0.576651
75 -0.783726
76 -0.706885
77 -0.704019
78 -0.736715
79 -0.762006
80 -0.876568
81 -0.570326
82 -0.592869
83 -0.746409
84 -0.717057
85 -0.515692
86 -0.644734
87 -0.608969
88 -0.668086
89 -0.638923
90 -0.61006
91 -0.636288
92 -0.455551
93 -0.58699
94 -0.627266
95 -0.627266
96 -0.786075
97 -0.621459
98 -0.649019
99 -0.649019
100 -0.669151
101 -0.519438
102 -0.519438
103 -0.512208
104 -0.512208
105 -0.501204
106 -0.501204
107 -0.533153
108 -0.533153
109 -0.821443
110 -0.983989
111 -0.489899
112 -0.489899
113 -0.489899
114 -0.450262
115 -0.450262
116 -0.470196
117 -0.470196
118 -0.321305
119 -0.321305
120 -0.463568
121 -0.463568
122 -0.584793
123 -0.584793
124 -0.584793
125 -0.53626
126 -0.53626
127 -0.386455
128 -0.386455
129 -0.555773
130 -0.555773
131 -0.555773
132 -0.555773
133 -0.360484
134 -0.360484
135 -0.497902
136 -0.497902
137 -0.497902
138 -0.253081
139 -0.253081
140 -0.253081
141 -0.253081
142 -0.755559
143 -0.755559
144 -0.264517
145 -0.264517
146 -0.486715
147 -0.486715
148 -0.486715
149 -0.486715
150 -0.267565
151 -0.267565
152 -0.267565
153 -0.267565
154 -0.267565
155 -0.263467
156 -0.263467
157 -0.263467
158 -0.263467
159 -0.263467
160 -0.263467
161 -0.263467
162 -0.299312
163 -0.299312
164 -0.299312
165 -0.299312
166 -0.299312
167 -0.299312
168 -0.221495
169 -0.221495
170 -0.243527
171 -0.243527
172 -0.243527
173 -0.243527
174 -0.243527
175 -0.243527
176 -0.174868
177 -0.174868
178 -0.174868
179 -0.174868
180 -0.174868
181 -0.174868
182 -0.174868
183 -0.174868
184 -0.13437
185 -0.13437
186 -0.13437
187 -0.13437
188 -0.13437
189 -0.13437
190 -0.13437
191 -0.070428
192 -0.070428
193 -0.070428
194 -0.070428
195 -0.070428
196 -0.070428
197 -0.070428
198 -0.070428
199 -0.070428
200 -0.07326
201 -0.07326
202 -0.07326
203 -0.07326
204 -0.07326
205 -0.07326
206 -0.07326
207 -0.07326
208 -0.07326
209 -0.07326
210 -0.095705
211 -0.095705
212 -0.095705
213 -0.095705
214 -0.095705
215 -0.095705
216 -0.095705
217 -0.095705
218 -0.095705
219 -0.095705
220 -0.095705
221 -0.058384
222 -0.058384
223 -0.058384
224 -0.058384
225 -0.058384
226 -0.058384
227 -0.058384
228 -0.058384
229 -0.058384
230 -0.058384
231 -0.058384
232 -0.058384
233 -0.058384
234 -0.058384
235 0.000202
236 0.000202
237 0.000202
238 0.000202
239 0.000202
240 0.000202
241 0.000202
242 0.000202
243 0.000202
244 0.000202
245 0.046624
246 0.046624
247 0.046624
248 0.046624
249 0.046624
250 0.046624
251 0.046624
252 0.046624
253 0.046624
254 0.046624
255 0.046624
256 -0.115856
257 -0.115856
258 -0.115856
259 -0.115856
260 -0.115856
261 -0.115856
262 -0.115856
263 -0.115856
264 0.016353
265 0.016353
266 0.016353
267 0.016353
268 0.016353
269 0.016353
270 0.016353
271 0.016353
272 0.016353
273 0.016353
274 0.016353
275 0.102267
276 0.102267
277 0.102267
278 0.102267
279 0.102267
280 0.102267
281 0.102267
282 0.102267
283 0.102267
284 0.102267
285 0.102267
286 0.102267
287 0.084336
288 0.084336
289 0.084336
290 0.084336
291 0.084336
292 0.084336
293 0.084336
294 0.084336
295 0.084336
296 0.084336
297 0.084336
298 0.084336
299 0.084336
300 0.084336
301 0.084336
302 0.084336
303 0.084336
304 0.084336
305 0.084336
306 0.084336
307 0.084336
308 0.084336
309 0.084336
310 0.084336
311 0.084336
312 0.084336
313 0.084336
314 0.084336
315 0.084336
316 0.084336
317 0.084336
318 0.084336
319 0.084336
320 0.084336
321 0.084336
322 0.084336
323 0.084336
324 0.084336
325 0.084336
326 0.084336
327 0.084336
328 0.084336
329 0.084336
330 0.084336
331 0.084336
332 0.084336
333 0.084336
334 0.084336
335 0.084336
336 0.084336
337 0.084336
338 0.084336
339 0.084336
340 0.084336
341 0.084336
342 0.084336
343 0.084336
344 0.084336
345 0.084336
346 0.084336
347 0.084336
348 0.084336
349 0.084336
350 0.084336
351 0.084336
352 0.084336
353 0.084336
354 0.084336
355 0.084336
356 0.084336
357 0.084336
358 0.084336
359 0.084336
360 0.084336
361 0.084336
362 0.084336
363 0.084336
364 0.084336
365 0.084336
366 0.084336
367 0.084336
368 0.084336
369 0.084336
370 0.084336
371 0.084336
372 0.084336
373 0.084336
374 0.084336
375 0.084336
376 0.084336
377 0.084336
378 0.084336
379 0.084336
380 0.084336
381 0.084336
382 0.084336
383 0.084336
384 0.084336
385 0.084336
386 0.084336
387 0.084336
388 0.084336
389 0.084336
390 0.084336
391 0.084336
392 0.084336
393 0.084336
394 0.084336
395 0.084336
396 0.084336
397 0.084336
398 0.084336
399 0.084336
400 0.084336
401 0.084336
402 0.084336
403 0.084336
404 0.084336
405 0.084336
406 0.084336
407 0.084336
408 0.084336
409 0.084336
410 0.084336
411 0.084336
412 0.084336
413 0.084336
414 0.084336
415 0.084336
416 0.084336
417 0.084336
418 0.084336
419 0.084336
420 0.084336
421 0.084336
422 0.084336
423 0.084336
424 0.084336
425 0.084336
426 0.084336
427 0.084336
428 0.084336
429 0.084336
430 0.084336
431 0.084336
432 0.084336
433 0.084336
434 0.084336
435 0.084336
436 0.084336
437 0.084336
438 0.084336
439 0.084336
440 0.084336
441 0.084336
442 0.084336
443 0.084336
444 0.084336
445 0.084336
446 0.084336
447 0.084336
448 0.084336
449 0.084336
450 0.084336
451 0.084336
452 0.084336
453 0.084336
454 0.084336
455 0.084336
456 0.084336
457 0.084336
458 0.084336
459 0.084336
460 0.084336
461 0.084336
462 0.084336
463 0.084336
464 0.084336
465 0.084336
466 0.084336
467 0.084336
468 0.084336
469 0.084336
470 0.084336
471 0.084336
472 0.084336
473 0.084336
474 0.084336
475 0.084336
476 0.084336
477 0.084336
478 0.084336
479 0.084336
480 0.084336
481 0.084336
482 0.084336
483 0.084336
484 0.084336
485 0.084336
486 0.084336
487 0.084336
488 0.084336
489 0.084336
490 0.084336
491 0.084336
492 0.084336
493 0.084336
494 0.084336
495 0.084336
496 0.084336
497 0.084336
498 0.084336
499 0.084336
500 0.084336
501 0.084336
502 0.084336
503 0.084336
504 0.084336
505 0.084336
506 0.084336
507 0.084336
508 0.084336
509 0.084336
510 0.084336
511 0.084336
512 0.084336
513 0.084336
514 0.084336
515 0.084336
516 0.084336
517 0.084336
518 0.084336
519 0.084336
520 0.084336
521 0.084336
522 0.084336
523 0.084336
524 0.084336
525 0.084336
526 0.084336
527 0.084336
528 0.084336
529 0.084336
530 0.084336
531 0.084336
532 0.084336
533 0.084336
534 0.084336
535 0.084336
536 0.084336
537 0.084336
538 0.084336
539 0.084336
540 0.084336
541 0.084336
542 0.084336
543 0.084336
544 0.084336
545 0.084336
546 0.084336
547 0.084336
548 0.084336
549 0.084336
550 0.084336
551 0.084336
552 0.084336
553 0.084336
554 0.084336
555 0.084336
556 0.084336
557 0.084336
558 0.084336
559 0.084336
560 0.084336
561 0.084336
562 0.084336
563 0.084336
564 0.084336
565 0.084336
566 0.084336
567 0.084336
568 0.084336
569 0.084336
570 0.084336
571 0.084336
572 0.084336
573 0.084336
574 0.084336
575 0.084336
576 0.084336
577 0.084336
578 0.084336
579 0.084336
580 0.084336
581 0.084336
582 0.084336
583 0.084336
584 0.084336
585 0.084336
586 0.084336
587 0.084336
588 0.084336
589 0.084336
590 0.084336
591 0.084336
592 0.084336
593 0.084336
594 0.084336
595 0.084336
596 0.084336
597 0.084336
598 0.084336
599 0.084336
600 0.084336
601 0.084336
602 0.084336
603 0.084336
604 0.084336
605 0.084336
606 0.084336
607 0.084336
608 0.084336
609 0.084336
610 0.084336
611 0.084336
612 0.084336
613 0.084336
614 0.084336
615 0.084336
616 0.084336
617 0.084336
618 0.084336
619 0.084336
620 0.084336
621 0.084336
622 0.084336
623 0.084336
624 0.084336
625 0.084336
626 0.084336
627 0.084336
628 0.084336
629 0.084336
630 0.084336
631 0.084336
632 0.084336
633 0.084336
634 0.084336
635 0.084336
636 0.084336
637 0.084336
638 0.084336
639 0.084336
640 0.084336
641 0.084336
642 0.084336
643 0.084336
644 0.084336
645 0.084336
646 0.084336
647 0.084336
648 0.084336
649 0.084336
650 0.084336
651 0.084336
652 0.084336
653 0.084336
654 0.084336
655 0.084336
656 0.084336
657 0.084336
658 0.084336
659 0.084336
660 0.084336
661 0.084336
662 0.084336
663 0.084336
664 0.084336
665 0.084336
666 0.084336
667 0.084336
668 0.084336
669 0.084336
670 0.084336
671 0.084336
672 0.084336
673 0.084336
674 0.084336
675 0.084336
676 0.084336
677 0.084336
678 0.084336
679 0.084336
680 0.084336
681 0.084336
682 0.084336
683 0.084336
684 0.084336
685 0.084336
686 0.084336
687 0.084336
688 0.084336
689 0.084336
690 0.084336
691 0.084336
692 0.084336
693 0.084336
694 0.084336
695 0.084336
696 0.084336
697 0.084336
698 0.084336
699 0.084336
700 0.084336
701 0.084336
702 0.084336
703 0.084336
704 0.084336
705 0.084336
706 0.084336
707 0.084336
708 0.084336
709 0.084336
710 0.084336
711 0.084336
712 0.084336
713 0.084336
714 0.084336
715 0.084336
716 0.084336
717 0.084336
718 0.084336
719 0.084336
720 0.084336
721 0.084336
722 0.084336
723 0.084336
724 0.084336
725 0.084336
726 0.084336
727 0.084336
728 0.084336
729 0.084336
730 0.084336
731 0.084336
732 0.084336
733 0.084336
734 0.084336
735 0.084336
736 0.084336
737 0.084336
738 0.084336
739 0.084336
740 0.084336
741 0.084336
742 0.084336
743 0.084336
744 0.084336
745 0.084336
746 0.084336
747 0.084336
748 0.084336
749 0.084336
750 0.084336
751 0.084336
752 0.084336
753 0.084336
754 0.084336
755 0.084336
756 0.084336
757 0.084336
758 0.084336
759 0.084336
760 0.084336
761 0.084336
762 0.084336
763 0.084336
764 0.084336
765 0.084336
766 0.084336
767 0.084336
768 0.084336
769 0.084336
770 0.084336
771 0.084336
772 0.084336
773 0.084336
774 0.084336
775 0.084336
776 0.084336
777 0.084336
778 0.084336
779 0.084336
780 0.084336
781 0.084336
782 0.084336
783 0.084336
784 0.084336
785 0.084336
786 0.084336
787 0.084336
788 0.084336
789 0.084336
790 0.084336
791 0.084336
792 0.084336
793 0.084336
794 0.084336
795 0.084336
796 0.084336
797 0.084336
798 0.084336
799 0.084336
800 0.084336
801 0.084336
802 0.084336
803 0.084336
804 0.084336
805 0.084336
806 0.084336
807 0.084336
808 0.084336
809 0.084336
810 0.084336
811 0.084336
812 0.084336
813 0.084336
814 0.084336
815 0.084336
816 0.084336
817 0.084336
818 0.084336
819 0.084336
820 0.084336
821 0.084336
822 0.084336
823 0.084336
824 0.084336
825 0.084336
826 0.084336
827 0.084336
828 0.084336
829 0.084336
830 0.084336
831 0.084336
832 0.084336
833 0.084336
834 0.084336
835 0.084336
836 0.084336
837 0.084336
838 0.084336
839 0.084336
840 0.084336
841 0.084336
842 0.084336
843 0.084336
844 0.084336
845 0.084336
846 0.084336
847 0.084336
848 0.084336
849 0.084336
850 0.084336
851 0.084336
852 0.084336
853 0.084336
854 0.084336
855 0.084336
856 0.084336
857 0.084336
858 0.084336
859 0.084336
860 0.084336
861 0.084336
862 0.084336
863 0.084336
864 0.084336
865 0.084336
866 0.084336
867 0.084336
868 0.084336
869 0.084336
870 0.084336
871 0.084336
872 0.084336
873 0.084336
874 0.084336
875 0.084336
876 0.084336
877 0.084336
878 0.084336
879 0.084336
880 0.084336
881 0.084336
882 0.084336
883 0.084336
884 0.084336
885 0.084336
886 0.084336
887 0.084336
888 0.084336
889 0.084336
890 0.084336
891 0.084336
892 0.084336
893 0.084336
894 0.084336
895 0.084336
896 0.084336
897 0.084336
898 0.084336
899 0.084336
900 0.084336
901 0.084336
902 0.084336
903 0.084336
904 0.084336
905 0.084336
906 0.084336
907 0.084336
908 0.084336
909 0.084336
910 0.084336
911 0.084336
912 0.084336
913 0.084336
914 0.084336
915 0.084336
916 0.084336
917 0.084336
918 0.084336
919 0.084336
920 0.084336
921 0.084336
922 0.084336
923 0.084336
924 0.084336
925 0.084336
926 0.084336
927 0.084336
928 0.084336
929 0.084336
930 0.084336
931 0.084336
932 0.084336
933 0.084336
934 0.084336
935 0.084336
936 0.084336
937 0.084336
938 0.084336
939 0.084336
940 0.084336
941 0.084336
942 0.084336
943 0.084336
944 0.084336
945 0.084336
946 0.084336
947 0.084336
948 0.084336
949 0.084336
950 0.084336
951 0.084336
952 0.084336
953 0.084336
954 0.084336
955 0.084336
956 0.084336
957 0.084336
958 0.084336
959 0.084336
960 0.084336
961 0.084336
962 0.084336
963 0.084336
964 0.084336
965 0.084336
966 0.084336
967 0.084336
968 0.084336
969 0.084336
970 0.084336
971 0.084336
972 0.084336
973 0.084336
974 0.084336
975 0.084336
976 0.084336
977 0.084336
978 0.084336
979 0.084336
980 0.084336
981 0.084336
982 0.084336
983 0.084336
984 0.084336
985 0.084336
986 0.084336
987 0.084336
988 0.084336
989 0.084336
990 0.084336
991 0.084336
992 0.084336
993 0.084336
994 0.084336
995 0.084336
996 0.084336
997 0.084336
998 0.084336
999 0.084336
1000 0.084336
1001 0.084336
1002 0.084336
1003 0.084336
1004 0.084336
1005 0.084336
1006 0.084336
1007 0.084336
1008 0.084336
1009 0.084336
1010 0.084336
1011 0.084336
1012 0.084336
1013 0.084336
1014 0.084336
1015 0.084336
1016 0.084336
1017 0.084336
1018 0.084336
1019 0.084336
1020 0.084336
1021 0.084336
1022 0.084336
1023 0.084336
1024 0.084336
1025 0.084336
1026 0.084336
1027 0.084336
1028 0.084336
1029 0.084336
1030 0.084336
1031 0.084336
1032 0.084336
1033 0.084336
1034 0.084336
1035 0.084336
1036 0.084336
1037 0.084336
1038 0.084336
1039 0.084336
1040 0.084336
1041 0.084336
1042 0.084336
1043 0.084336
1044 0.084336
1045 0.084336
1046 0.084336
1047 0.084336
1048 0.084336
1049 0.084336
1050 0.084336
1051 0.084336
1052 0.084336
1053 0.084336
1054 0.084336
1055 0.084336
1056 0.084336
1057 0.084336
1058 0.084336
1059 0.084336
1060 0.084336
1061 0.084336
1062 0.084336
1063 0.084336
1064 0.084336
1065 0.084336
1066 0.084336
1067 0.084336
1068 0.084336
1069 0.084336
1070 0.084336
1071 0.084336
1072 0.084336
1073 0.084336
1074 0.084336
1075 0.084336
1076 0.084336
1077 0.084336
1078 0.084336
1079 0.084336
1080 0.084336
1081 0.084336
1082 0.084336
1083 0.084336
1084 0.084336
1085 0.084336
1086 0.084336
1087 0.084336
1088 0.084336
1089 0.084336
1090 0.084336
1091 0.084336
1092 0.084336
1093 0.084336
1094 0.084336
1095 0.084336
1096 0.084336
1097 0.084336
1098 0.084336
1099 0.084336
1100 0.084336
1101 0.084336
1102 0.084336
1103 0.084336
1104 0.084336
1105 0.084336
1106 0.084336
1107 0.084336
1108 0.084336
1109 0.084336
1110 0.084336
1111 0.084336
1112 0.084336
1113 0.084336
1114 0.084336
1115 0.084336
1116 0.084336
1117 0.084336
1118 0.084336
1119 0.084336
1120 0.084336
1121 0.084336
1122 0.084336
1123 0.084336
1124 0.084336
1125 0.084336
1126 0.084336
1127 0.084336
1128 0.084336
1129 0.084336
1130 0.084336
1131 0.084336
1132 0.084336
1133 0.084336
1134 0.084336
1135 0.084336
1136 0.084336
1137 0.084336
1138 0.084336
1139 0.084336
1140 0.084336
1141 0.084336
1142 0.084336
1143 0.084336
1144 0.084336
1145 0.084336
1146 0.084336
1147 0.084336
1148 0.084336
1149 0.084336
1150 0.084336
1151 0.084336
1152 0.084336
1153 0.084336
1154 0.084336
1155 0.084336
1156 0.084336
1157 0.084336
1158 0.084336
1159 0.084336
1160 0.084336
1161 0.084336
1162 0.084336
1163 0.084336
1164 0.084336
1165 0.084336
1166 0.084336
1167 0.084336
1168 0.084336
1169 0.084336
1170 0.084336
1171 0.084336
1172 0.084336
1173 0.084336
1174 0.084336
1175 0.084336
1176 0.084336
1177 0.084336
1178 0.084336
1179 0.084336
1180 0.084336
1181 0.084336
1182 0.084336
1183 0.084336
1184 0.084336
1185 0.084336
1186 0.084336
1187 0.084336
1188 0.084336
1189 0.084336
1190 0.084336
1191 0.084336
1192 0.084336
1193 0.084336
1194 0.084336
1195 0.084336
1196 0.084336
1197 0.084336
1198 0.084336
1199 0.084336
1200 0.084336
1201 0.084336
1202 0.084336
1203 0.084336
1204 0.084336
1205 0.084336
1206 0.084336
1207 0.084336
1208 0.084336
1209 0.084336
1210 0.084336
1211 0.084336
1212 0.084336
1213 0.084336
1214 0.084336
1215 0.084336
1216 0.084336
1217 0.084336
1218 0.084336
1219 0.084336
1220 0.084336
1221 0.084336
1222 0.084336
1223 0.084336
1224 0.084336
1225 0.084336
1226 0.084336
1227 0.084336
1228 0.084336
1229 0.084336
1230 0.084336
1231 0.084336
1232 0.084336
1233 0.084336
1234 0.084336
1235 0.084336
1236 0.084336
1237 0.084336
1238 0.084336
1239 0.084336
1240 0.084336
1241 0.084336
1242 0.084336
1243 0.084336
1244 0.084336
1245 0.084336
1246 0.084336
1247 0.084336
1248 0.084336
1249 0.084336
1250 0.084336
1251 0.084336
1252 0.084336
1253 0.084336
1254 0.084336
1255 0.084336
1256 0.084336
1257 0.084336
1258 0.084336
1259 0.084336
1260 0.084336
1261 0.084336
1262 0.084336
1263 0.084336
1264 0.084336
1265 0.084336
1266 0.084336
1267 0.084336
1268 0.084336
1269 0.084336
1270 0.084336
1271 0.084336
1272 0.084336
1273 0.084336
1274 0.084336
1275 0.084336
1276 0.084336
1277 0.084336
1278 0.084336
1279 0.084336
1280 0.084336
1281 0.084336
1282 0.084336
1283 0.084336
1284 0.084336
1285 0.084336
1286 0.084336
1287 0.084336
1288 0.084336
1289 0.084336
1290 0.084336
1291 0.084336
1292 0.084336
1293 0.084336
1294 0.084336
1295 0.084336
1296 0.084336
1297 0.084336
1298 0.084336
1299 0.084336
1300 0.084336
1301 0.084336
1302 0.084336
1303 0.084336
1304 0.084336
1305 0.084336
1306 0.084336
1307 0.084336
1308 0.084336
1309 0.084336
1310 0.084336
1311 0.084336
1312 0.084336
1313 0.084336
1314 0.084336
1315 0.084336
1316 0.084336
1317 0.084336
1318 0.084336
1319 0.084336
1320 0.084336
1321 0.084336
1322 0.084336
1323 0.084336
1324 0.084336
1325 0.084336
1326 0.084336
1327 0.084336
1328 0.084336
1329 0.084336
1330 0.084336
1331 0.084336
1332 0.084336
1333 0.084336
1334 0.084336
1335 0.084336
1336 0.084336
1337 0.084336
1338 0.084336
1339 0.084336
1340 0.084336
1341 0.084336
1342 0.084336
1343 0.084336
1344 0.084336
1345 0.084336
1346 0.084336
1347 0.084336
1348 0.084336
1349 0.084336
1350 0.084336
1351 0.084336
1352 0.084336
1353 0.084336
1354 0.084336
1355 0.084336
1356 0.084336
1357 0.084336
1358 0.084336
1359 0.084336
1360 0.084336
1361 0.084336
1362 0.084336
1363 0.084336
1364 0.084336
1365 0.084336
1366 0.084336
1367 0.084336
1368 0.084336
1369 0.084336
1370 0.084336
1371 0.084336
1372 0.084336
1373 0.084336
1374 0.084336
1375 0.084336
1376 0.084336
1377 0.084336
1378 0.084336
1379 0.084336
1380 0.084336
1381 0.084336
1382 0.084336
1383 0.084336
1384 0.084336
1385 0.084336
1386 0.084336
1387 0.084336
1388 0.084336
1389 0.084336
1390 0.084336
1391 0.084336
1392 0.084336
1393 0.084336
1394 0.084336
1395 0.084336
1396 0.084336
1397 0.084336
1398 0.084336
1399 0.084336
1400 0.084336
1401 0.084336
1402 0.084336
1403 0.084336
1404 0.084336
1405 0.084336
1406 0.084336
1407 0.084336
1408 0.084336
1409 0.084336
1410 0.084336
1411 0.084336
1412 0.084336
1413 0.084336
1414 0.084336
1415 0.084336
1416 0.084336
1417 0.084336
1418 0.084336
1419 0.084336
1420 0.084336
1421 0.084336
1422 0.084336
1423 0.084336
1424 0.084336
1425 0.084336
1426 0.084336
1427 0.084336
1428 0.084336
1429 0.084336
1430 0.084336
1431 0.084336
1432 0.084336
1433 0.084336
1434 0.084336
1435 0.084336
1436 0.084336
1437 0.084336
1438 0.084336
1439 0.084336
1440 0.084336
1441 0.084336
1442 0.084336
1443 0.084336
1444 0.084336
1445 0.084336
1446 0.084336
1447 0.084336
1448 0.084336
1449 0.084336
1450 0.084336
1451 0.084336
1452 0.084336
1453 0.084336
1454 0.084336
1455 0.084336
1456 0.084336
1457 0.084336
1458 0.084336
1459 0.084336
1460 0.084336
1461 0.084336
1462 0.084336
1463 0.084336
1464 0.084336
1465 0.084336
1466 0.084336
1467 0.084336
1468 0.084336
1469 0.084336
1470 0.084336
1471 0.084336
1472 0.084336
1473 0.084336
1474 0.084336
1475 0.084336
1476 0.084336
1477 0.084336
1478 0.084336
1479 0.084336
1480 0.084336
1481 0.084336
1482 0.084336
1483 0.084336
1484 0.084336
1485 0.084336
1486 0.084336
1487 0.084336
1488 0.084336
1489 0.084336
1490 0.084336
1491 0.084336
1492 0.084336
1493 0.084336
1494 0.084336
1495 0.084336
1496 0.084336
1497 0.084336
1498 0.084336
1499 0.084336
1500 0.084336
1501 0.084336
1502 0.084336
1503 0.084336
1504 0.084336
1505 0.084336
1506 0.084336
1507 0.084336
1508 0.084336
1509 0.084336
1510 0.084336
1511 0.084336
1512 0.084336
1513 0.084336
1514 0.084336
1515 0.084336
1516 0.084336
1517 0.084336
1518 0.084336
1519 0.084336
1520 0.084336
1521 0.084336
1522 0.084336
1523 0.084336
1524 0.084336
1525 0.084336
1526 0.084336
1527 0.084336
1528 0.084336
1529 0.084336
1530 0.084336
1531 0.084336
1532 0.084336
1533 0.084336
1534 0.084336
1535 0.084336
1536 0.084336
1537 0.084336
1538 0.084336
1539 0.084336
1540 0.084336
1541 0.084336
1542 0.084336
1543 0.084336
1544 0.084336
1545 0.084336
1546 0.084336
1547 0.084336
1548 0.084336
1549 0.084336
1550 0.084336
1551 0.084336
1552 0.084336
1553 0.084336
1554 0.084336
1555 0.084336
1556 0.084336
1557 0.084336
1558 0.084336
1559 0.084336
1560 0.084336
1561 0.084336
1562 0.084336
1563 0.084336
1564 0.084336
1565 0.084336
1566 0.084336
1567 0.084336
1568 0.084336
1569 0.084336
1570 0.084336
1571 0.084336
1572 0.084336
1573 0.084336
1574 0.084336
1575 0.084336
1576 0.084336
1577 0.084336
1578 0.084336
1579 0.084336
1580 0.084336
1581 0.084336
1582 0.084336
1583 0.084336
1584 0.084336
1585 0.084336
1586 0.084336
1587 0.084336
1588 0.084336
1589 0.084336
1590 0.084336
1591 0.084336
1592 0.084336
1593 0.084336
1594 0.084336
1595 0.084336
1596 0.084336
1597 0.084336
1598 0.084336
1599 0.084336
1600 0.084336
1601 0.084336
1602 0.084336
1603 0.084336
1604 0.084336
1605 0.084336
1606 0.084336
1607 0.084336
1608 0.084336
1609 0.084336
1610 0.084336
1611 0.084336
1612 0.084336
1613 0.084336
1614 0.084336
1615 0.084336
1616 0.084336
1617 0.084336
1618 0.084336
1619 0.084336
1620 0.084336
1621 0.084336
1622 0.084336
1623 0.084336
1624 0.084336
1625 0.084336
1626 0.084336
1627 0.084336
1628 0.084336
1629 0.084336
1630 0.084336
1631 0.084336
1632 0.084336
1633 0.084336
1634 0.084336
1635 0.084336
1636 0.084336
1637 0.084336
1638 0.084336
1639 0.084336
1640 0.084336
1641 0.084336
1642 0.084336
1643 0.084336
1644 0.084336
1645 0.084336
1646 0.084336
1647 0.084336
1648 0.084336
1649 0.084336
1650 0.084336
1651 0.084336
1652 0.084336
1653 0.084336
1654 0.084336
1655 0.084336
1656 0.084336
1657 0.084336
1658 0.084336
1659 0.084336
1660 0.084336
1661 0.084336
1662 0.084336
1663 0.084336
1664 0.084336
1665 0.084336
1666 0.084336
1667 0.084336
1668 0.084336
1669 0.084336
1670 0.084336
1671 0.084336
1672 0.084336
1673 0.084336
1674 0.084336
1675 0.084336
1676 0.084336
1677 0.084336
1678 0.084336
1679 0.084336
1680 0.084336
1681 0.084336
1682 0.084336
1683 0.084336
1684 0.084336
1685 0.084336
1686 0.084336
1687 0.084336
1688 0.084336
1689 0.084336
1690 0.084336
1691 0.084336
1692 0.084336
1693 0.084336
1694 0.084336
1695 0.084336
1696 0.084336
1697 0.084336
1698 0.084336
1699 0.084336
1700 0.084336
1701 0.084336
1702 0.084336
1703 0.084336
1704 0.084336
1705 0.084336
1706 0.084336
1707 0.084336
1708 0.084336
1709 0.084336
1710 0.084336
1711 0.084336
1712 0.084336
1713 0.084336
1714 0.084336
1715 0.084336
1716 0.084336
1717 0.084336
1718 0.084336
1719 0.084336
1720 0.084336
1721 0.084336
1722 0.084336
1723 0.084336
1724 0.084336
1725 0.084336
1726 0.084336
1727 0.084336
1728 0.084336
1729 0.084336
1730 0.084336
1731 0.084336
1732 0.084336
1733 0.084336
1734 0.084336
1735 0.084336
1736 0.084336
1737 0.084336
1738 0.084336
1739 0.084336
1740 0.084336
1741 0.084336
1742 0.084336
1743 0.084336
1744 0.084336
1745 0.084336
1746 0.084336
1747 0.084336
1748 0.084336
1749 0.084336
1750 0.084336
1751 0.084336
1752 0.084336
1753 0.084336
1754 0.084336
1755 0.084336
1756 0.084336
1757 0.084336
1758 0.084336
1759 0.084336
1760 0.084336
1761 0.084336
1762 0.084336
1763 0.084336
1764 0.084336
1765 0.084336
1766 0.084336
1767 0.084336
1768 0.084336
1769 0.084336
1770 0.084336
1771 0.084336
1772 0.084336
1773 0.084336
1774 0.084336
1775 0.084336
1776 0.084336
1777 0.084336
1778 0.084336
1779 0.084336
1780 0.084336
1781 0.084336
1782 0.084336
1783 0.084336
1784 0.084336
1785 0.084336
1786 0.084336
1787 0.084336
1788 0.084336
1789 0.084336
1790 0.084336
1791 0.084336
1792 0.084336
1793 0.084336
1794 0.084336
1795 0.084336
1796 0.084336
1797 0.084336
1798 0.084336
1799 0.084336
1800 0.084336
1801 0.084336
1802 0.084336
1803 0.084336
1804 0.084336
1805 0.084336
1806 0.084336
1807 0.084336
1808 0.084336
1809 0.084336
1810 0.084336
1811 0.084336
1812 0.084336
1813 0.084336
1814 0.084336
1815 0.084336
1816 0.084336
1817 0.084336
1818 0.084336
1819 0.084336
1820 0.084336
1821 0.084336
1822 0.084336
1823 0.084336
1824 0.084336
1825 0.084336
1826 0.084336
1827 0.084336
1828 0.084336
1829 0.084336
1830 0.084336
1831 0.084336
1832 0.084336
1833 0.084336
1834 0.084336
1835 0.084336
1836 0.084336
1837 0.084336
1838 0.084336
1839 0.084336
1840 0.084336
1841 0.084336
1842 0.084336
1843 0.084336
1844 0.084336
1845 0.084336
1846 0.084336
1847 0.084336
1848 0.084336
1849 0.084336
1850 0.084336
1851 0.084336
1852 0.084336
1853 0.084336
1854 0.084336
1855 0.084336
1856 0.084336
1857 0.084336
1858 0.084336
1859 0.084336
1860 0.084336
1861 0.084336
1862 0.084336
1863 0.084336
1864 0.084336
1865 0.084336
1866 0.084336
1867 0.084336
1868 0.084336
1869 0.084336
1870 0.084336
1871 0.084336
1872 0.084336
1873 0.084336
1874 0.084336
1875 0.084336
1876 0.084336
1877 0.084336
1878 0.084336
1879 0.084336
1880 0.084336
1881 0.084336
1882 0.084336
1883 0.084336
1884 0.084336
1885 0.084336
1886 0.084336
1887 0.084336
1888 0.084336
1889 0.084336
1890 0.084336
1891 0.084336
1892 0.084336
1893 0.084336
1894 0.084336
1895 0.084336
1896 0.084336
1897 0.084336
1898 0.084336
1899 0.084336
1900 0.084336
1901 0.084336
1902 0.084336
1903 0.084336
1904 0.084336
1905 0.084336
1906 0.084336
1907 0.084336
1908 0.084336
1909 0.084336
1910 0.084336
1911 0.084336
1912 0.084336
1913 0.084336
1914 0.084336
1915 0.084336
1916 0.084336
1917 0.084336
1918 0.084336
1919 0.084336
1920 0.084336
1921 0.084336
1922 0.084336
1923 0.084336
1924 0.084336
1925 0.084336
1926 0.084336
1927 0.084336
1928 0.084336
1929 0.084336
1930 0.084336
1931 0.084336
1932 0.084336
1933 0.084336
1934 0.084336
1935 0.084336
1936 0.084336
1937 0.084336
1938 0.084336
1939 0.084336
1940 0.084336
1941 0.084336
1942 0.084336
1943 0.084336
1944 0.084336
1945 0.084336
1946 0.084336
1947 0.084336
1948 0.084336
1949 0.084336
1950 0.084336
1951 0.084336
1952 0.084336
1953 0.084336
1954 0.084336
1955 0.084336
1956 0.084336
1957 0.084336
1958 0.084336
1959 0.084336
1960 0.084336
1961 0.084336
1962 0.084336
1963 0.084336
1964 0.084336
1965 0.084336
1966 0.084336
1967 0.084336
1968 0.084336
1969 0.084336
1970 0.084336
1971 0.084336
1972 0.084336
1973 0.084336
1974 0.084336
1975 0.084336
1976 0.084336
1977 0.084336
1978 0.084336
1979 0.084336
1980 0.084336
1981 0.084336
1982 0.084336
1983 0.084336
1984 0.084336
1985 0.084336
1986 0.084336
1987 0.084336
1988 0.084336
1989 0.084336
1990 0.084336
1991 0.084336
1992 0.084336
1993 0.084336
1994 0.084336
1995 0.084336
1996 0.084336
1997 0.084336
1998 0.084336
1999 0.084336
2000 -2.216425
2001 -2.216425
2002 -2.216425
2003 -2.216425
2004 -2.216425
2005 -2.216425
2006 -2.216425
2007 -2.216425
2008 -2.216425
2009 -1.862422
2010 -1.862422
2011 -1.999829
2012 -1.527962
2013 -1.672586
2014 -1.630103
2015 -1.481859
2016 -1.649135
2017 -1.489206
2018 -1.480714
2019 -1.455595
2020 -1.175235
2021 -1.205368
2022 -1.322344
2023 -1.172853
2024 -1.404244
2025 -1.258658
2026 -1.142857
2027 -0.791545
2028 -0.803402
2029 -1.101507
2030 -0.936313
2031 -0.975114
2032 -0.842219
2033 -1.006049
2034 -0.933325
2035 -1.130731
2036 -1.130731
2037 -1.058713
2038 -1.014637
2039 -0.93204
2040 -0.830279
2041 -0.829089
2042 -0.685196
2043 -0.804237
2044 -0.614169
2045 -0.556636
2046 -0.787624
2047 -0.555031
2048 -0.922557
2049 -0.922557
2050 -0.72322
2051 -0.60847
2052 -0.73108
2053 -1.04477
2054 -1.04477
2055 -1.034657
2056 -0.198872
2057 -1.164784
2058 -1.164784
2059 -0.771129
2060 -0.553865
2061 -0.590118
2062 -0.590118
2063 -1.330641
2064 -0.720183
2065 -0.720183
2066 -0.502371
2067 -0.614509
2068 0.125306
2069 -0.650828
2070 -0.734057
2071 -0.793883
2072 -0.970285
2073 -0.686532
2074 -0.963349
2075 -0.963658
2076 -0.772359
2077 -1.087783
2078 -0.928532
2079 -0.928532
2080 -1.047729
2081 -0.610154
2082 -0.414551
2083 -0.414551
2084 -0.647557
2085 -0.647557
2086 -0.469126
2087 -0.469126
2088 -0.651061
2089 -0.651061
2090 -0.434281
2091 -0.538304
2092 -0.495918
2093 -0.495918
2094 -0.495918
2095 -0.495918
2096 -0.441097
2097 -0.441097
2098 -0.778503
2099 -0.796582
2100 -0.430086
2101 -0.456019
2102 -0.456019
2103 -0.709697
2104 -0.689823
2105 -0.689823
2106 -0.369958
2107 -0.661552
2108 -0.661552
2109 -0.680695
2110 -0.663119
2111 -0.663119
2112 -0.663119
2113 -0.363982
2114 -0.363982
2115 -0.363982
2116 -0.363982
2117 -0.363982
2118 -0.377725
2119 -0.44092
2120 -0.44092
2121 -0.568187
2122 -0.568187
2123 -0.787036
2124 0.05681
2125 -0.378882
2126 -0.378882
2127 -0.378882
2128 -0.378882
2129 -0.378882
2130 -0.378882
2131 -0.378882
2132 -0.378882
2133 -0.352555
2134 -0.352555
2135 -0.552713
2136 -0.552713
2137 -0.552713
2138 -0.552713
2139 -0.335275
2140 -0.335275
2141 -0.263883
2142 -0.261728
2143 -0.261728
2144 -0.261728
2145 -0.261728
2146 -0.261728
2147 -0.261728
2148 -0.261728
2149 -0.261728
2150 -0.286533
2151 -0.286533
2152 -0.286533
2153 -0.286533
2154 -0.286533
2155 -0.286533
2156 -0.286533
2157 -0.286533
2158 -0.24474
2159 -0.24474
2160 -0.24474
2161 -0.24474
2162 -0.24474
2163 -0.24474
2164 -0.24474
2165 -0.24474
2166 -0.24474
2167 -0.24474
2168 -0.24474
2169 -0.304745
2170 -0.304745
2171 -0.304745
2172 -0.304745
2173 -0.304745
2174 -0.304745
2175 -0.038459
2176 -0.038459
2177 -0.038459
2178 -0.038459
2179 -0.038459
2180 -0.038459
2181 -0.038459
2182 -0.038459
2183 -0.038459
2184 -0.038459
2185 -0.038459
2186 -0.038459
2187 -0.038459
2188 -0.038459
2189 -0.038459
2190 -0.038459
2191 -0.038459
2192 -0.038459
2193 -0.038459
2194 -0.038459
2195 -0.038459
2196 -0.038459
2197 -0.038459
2198 0.16944
2199 0.16944
2200 0.16944
2201 0.16944
2202 0.16944
2203 0.16944
2204 0.16944
2205 0.16944
2206 0.16944
2207 0.16944
2208 0.16944
2209 0.16944
2210 0.16944
2211 0.16944
2212 0.16944
2213 0.16944
2214 0.16944
2215 0.16944
2216 0.16944
2217 0.16944
2218 0.16944
2219 0.16944
2220 0.16944
2221 0.16944
2222 0.16944
2223 0.16944
2224 0.16944
2225 0.16944
2226 0.16944
2227 0.16944
2228 0.16944
2229 0.16944
2230 0.16944
2231 0.16944
2232 0.16944
2233 0.16944
2234 0.16944
2235 0.16944
2236 0.16944
2237 0.16944
2238 0.16944
2239 0.16944
2240 0.16944
2241 0.16944
2242 0.16944
2243 0.16944
2244 0.16944
2245 0.16944
2246 0.16944
2247 0.16944
2248 0.16944
2249 0.16944
2250 0.16944
2251 0.16944
2252 0.16944
2253 0.16944
2254 0.16944
2255 0.16944
2256 0.16944
2257 0.16944
2258 0.16944
2259 0.16944
2260 0.078002
2261 0.078002
2262 0.078002
2263 0.078002
2264 0.078002
2265 0.078002
2266 0.078002
2267 0.078002
2268 0.078002
2269 0.078002
2270 0.078002
2271 0.078002
2272 0.078002
2273 0.078002
2274 0.078002
2275 0.078002
2276 0.078002
2277 0.078002
2278 0.078002
2279 0.078002
2280 0.078002
2281 0.078002
2282 0.078002
2283 0.078002
2284 0.078002
2285 0.078002
2286 0.078002
2287 0.078002
2288 0.078002
2289 0.078002
2290 0.078002
2291 0.078002
2292 0.078002
2293 0.078002
2294 0.078002
2295 0.078002
2296 0.078002
2297 0.078002
2298 0.078002
2299 0.078002
2300 0.078002
2301 0.078002
2302 0.078002
2303 0.078002
2304 0.078002
2305 0.078002
2306 0.078002
2307 0.078002
2308 0.078002
2309 0.078002
2310 0.078002
2311 0.078002
2312 0.078002
2313 0.078002
2314 0.078002
2315 0.078002
2316 0.078002
2317 0.078002
2318 0.078002
2319 0.078002
2320 0.078002
2321 0.078002
2322 0.078002
2323 0.078002
2324 0.078002
2325 0.078002
2326 0.078002
2327 0.078002
2328 0.078002
2329 0.078002
2330 0.078002
2331 0.078002
2332 0.078002
2333 0.078002
2334 0.078002
2335 0.078002
2336 0.078002
2337 0.078002
2338 0.078002
2339 0.078002
2340 0.078002
2341 0.078002
2342 0.078002
2343 0.078002
2344 0.078002
2345 0.078002
2346 0.078002
2347 0.078002
2348 0.078002
2349 0.078002
2350 0.078002
2351 0.078002
2352 0.078002
2353 0.078002
2354 0.078002
2355 0.078002
2356 0.078002
2357 0.078002
2358 0.078002
2359 0.078002
2360 0.078002
2361 0.078002
2362 0.078002
2363 0.078002
2364 0.078002
2365 0.078002
2366 0.078002
2367 0.078002
2368 0.078002
2369 0.078002
2370 0.078002
2371 0.078002
2372 0.078002
2373 0.078002
2374 0.078002
2375 0.078002
2376 0.078002
2377 0.078002
2378 0.078002
2379 0.078002
2380 0.078002
2381 0.078002
2382 0.078002
2383 0.078002
2384 0.078002
2385 0.078002
2386 0.078002
2387 0.078002
2388 0.078002
2389 0.078002
2390 0.078002
2391 0.078002
2392 0.078002
2393 0.078002
2394 0.078002
2395 0.078002
2396 0.078002
2397 0.078002
2398 0.078002
2399 0.078002
2400 0.078002
2401 0.078002
2402 0.078002
2403 0.078002
2404 0.078002
2405 0.078002
2406 0.078002
2407 0.078002
2408 0.078002
2409 0.078002
2410 0.078002
2411 0.078002
2412 0.078002
2413 0.078002
2414 0.078002
2415 0.078002
2416 0.078002
2417 0.078002
2418 0.078002
2419 0.078002
2420 0.078002
2421 0.078002
2422 0.078002
2423 0.078002
2424 0.078002
2425 0.078002
2426 0.078002
2427 0.078002
2428 0.078002
2429 0.078002
2430 0.078002
2431 0.078002
2432 0.078002
2433 0.078002
2434 0.078002
2435 0.078002
2436 0.078002
2437 0.078002
2438 0.078002
2439 0.078002
2440 0.078002
2441 0.078002
2442 0.078002
2443 0.078002
2444 0.078002
2445 0.078002
2446 0.078002
2447 0.078002
2448 0.078002
2449 0.078002
2450 0.078002
2451 0.078002
2452 0.078002
2453 0.078002
2454 0.078002
2455 0.078002
2456 0.078002
2457 0.078002
2458 0.078002
2459 0.078002
2460 0.078002
2461 0.078002
2462 0.078002
2463 0.078002
2464 0.078002
2465 0.078002
2466 0.078002
2467 0.078002
2468 0.078002
2469 0.078002
2470 0.078002
2471 0.078002
2472 0.078002
2473 0.078002
2474 0.078002
2475 0.078002
2476 0.078002
2477 0.078002
2478 0.078002
2479 0.078002
2480 0.078002
2481 0.078002
2482 0.078002
2483 0.078002
2484 0.078002
2485 0.078002
2486 0.078002
2487 0.078002
2488 0.078002
2489 0.078002
2490 0.078002
2491 0.078002
2492 0.078002
2493 0.078002
2494 0.078002
2495 0.078002
2496 0.078002
2497 0.078002
2498 0.078002
2499 0.078002
2500 0.078002
2501 0.078002
2502 0.078002
2503 0.078002
2504 0.078002
2505 0.078002
2506 0.078002
2507 0.078002
2508 0.078002
2509 0.078002
2510 0.078002
2511 0.078002
2512 0.078002
2513 0.078002
2514 0.078002
2515 0.078002
2516 0.078002
2517 0.078002
2518 0.078002
2519 0.078002
2520 0.078002
2521 0.078002
2522 0.078002
2523 0.078002
2524 0.078002
2525 0.078002
2526 0.078002
2527 0.078002
2528 0.078002
2529 0.078002
2530 0.078002
2531 0.078002
2532 0.078002
2533 0.078002
2534 0.078002
2535 0.078002
2536 0.078002
2537 0.078002
2538 0.078002
2539 0.078002
2540 0.078002
2541 0.078002
2542 0.078002
2543 0.078002
2544 0.078002
2545 0.078002
2546 0.078002
2547 0.078002
2548 0.078002
2549 0.078002
2550 0.078002
2551 0.078002
2552 0.078002
2553 0.078002
2554 0.078002
2555 0.078002
2556 0.078002
2557 0.078002
2558 0.078002
2559 0.078002
2560 0.078002
2561 0.078002
2562 0.078002
2563 0.078002
2564 0.078002
2565 0.078002
2566 0.078002
2567 0.078002
2568 0.078002
2569 0.078002
2570 0.078002
2571 0.078002
2572 0.078002
2573 0.078002
2574 0.078002
2575 0.078002
2576 0.078002
2577 0.078002
2578 0.078002
2579 0.078002
2580 0.078002
2581 0.078002
2582 0.078002
2583 0.078002
2584 0.078002
2585 0.078002
2586 0.078002
2587 0.078002
2588 0.078002
2589 0.078002
2590 0.078002
2591 0.078002
2592 0.078002
2593 0.078002
2594 0.078002
2595 0.078002
2596 0.078002
2597 0.078002
2598 0.078002
2599 0.078002
2600 0.078002
2601 0.078002
2602 0.078002
2603 0.078002
2604 0.078002
2605 0.078002
2606 0.078002
2607 0.078002
2608 0.078002
2609 0.078002
2610 0.078002
2611 0.078002
2612 0.078002
2613 0.078002
2614 0.078002
2615 0.078002
2616 0.078002
2617 0.078002
2618 0.078002
2619 0.078002
2620 0.078002
2621 0.078002
2622 0.078002
2623 0.078002
2624 0.078002
2625 0.078002
2626 0.078002
2627 0.078002
2628 0.078002
2629 0.078002
2630 0.078002
2631 0.078002
2632 0.078002
2633 0.078002
2634 0.078002
2635 0.078002
2636 0.078002
2637 0.078002
2638 0.078002
2639 0.078002
2640 0.078002
2641 0.078002
2642 0.078002
2643 0.078002
2644 0.078002
2645 0.078002
2646 0.078002
2647 0.078002
2648 0.078002
2649 0.078002
2650 0.078002
2651 0.078002
2652 0.078002
2653 0.078002
2654 0.078002
2655 0.078002
2656 0.078002
2657 0.078002
2658 0.078002
2659 0.078002
2660 0.078002
2661 0.078002
2662 0.078002
2663 0.078002
2664 0.078002
2665 0.078002
2666 0.078002
2667 0.078002
2668 0.078002
2669 0.078002
2670 0.078002
2671 0.078002
2672 0.078002
2673 0.078002
2674 0.078002
2675 0.078002
2676 0.078002
2677 0.078002
2678 0.078002
2679 0.078002
2680 0.078002
2681 0.078002
2682 0.078002
2683 0.078002
2684 0.078002
2685 0.078002
2686 0.078002
2687 0.078002
2688 0.078002
2689 0.078002
2690 0.078002
2691 0.078002
2692 0.078002
2693 0.078002
2694 0.078002
2695 0.078002
2696 0.078002
2697 0.078002
2698 0.078002
2699 0.078002
2700 0.078002
2701 0.078002
2702 0.078002
2703 0.078002
2704 0.078002
2705 0.078002
2706 0.078002
2707 0.078002
2708 0.078002
2709 0.078002
2710 0.078002
2711 0.078002
2712 0.078002
2713 0.078002
2714 0.078002
2715 0.078002
2716 0.078002
2717 0.078002
2718 0.078002
2719 0.078002
2720 0.078002
2721 0.078002
2722 0.078002
2723 0.078002
2724 0.078002
2725 0.078002
2726 0.078002
2727 0.078002
2728 0.078002
2729 0.078002
2730 0.078002
2731 0.078002
2732 0.078002
2733 0.078002
2734 0.078002
2735 0.078002
2736 0.078002
2737 0.078002
2738 0.078002
2739 0.078002
2740 0.078002
2741 0.078002
2742 0.078002
2743 0.078002
2744 0.078002
2745 0.078002
2746 0.078002
2747 0.078002
2748 0.078002
2749 0.078002
2750 0.078002
2751 0.078002
2752 0.078002
2753 0.078002
2754 0.078002
2755 0.078002
2756 0.078002
2757 0.078002
2758 0.078002
2759 0.078002
2760 0.078002
2761 0.078002
2762 0.078002
2763 0.078002
2764 0.078002
2765 0.078002
2766 0.078002
2767 0.078002
2768 0.078002
2769 0.078002
2770 0.078002
2771 0.078002
2772 0.078002
2773 0.078002
2774 0.078002
2775 0.078002
2776 0.078002
2777 0.078002
2778 0.078002
2779 0.078002
2780 0.078002
2781 0.078002
2782 0.078002
2783 0.078002
2784 0.078002
2785 0.078002
2786 0.078002
2787 0.078002
2788 0.078002
2789 0.078002
2790 0.078002
2791 0.078002
2792 0.078002
2793 0.078002
2794 0.078002
2795 0.078002
2796 0.078002
2797 0.078002
2798 0.078002
2799 0.078002
2800 0.078002
2801 0.078002
2802 0.078002
2803 0.078002
2804 0.078002
2805 0.078002
2806 0.078002
2807 0.078002
2808 0.078002
2809 0.078002
2810 0.078002
2811 0.078002
2812 0.078002
2813 0.078002
2814 0.078002
2815 0.078002
2816 0.078002
2817 0.078002
2818 0.078002
2819 0.078002
2820 0.078002
2821 0.078002
2822 0.078002
2823 0.078002
2824 0.078002
2825 0.078002
2826 0.078002
2827 0.078002
2828 0.078002
2829 0.078002
2830 0.078002
2831 0.078002
2832 0.078002
2833 0.078002
2834 0.078002
2835 0.078002
2836 0.078002
2837 0.078002
2838 0.078002
2839 0.078002
2840 0.078002
2841 0.078002
2842 0.078002
2843 0.078002
2844 0.078002
2845 0.078002
2846 0.078002
2847 0.078002
2848 0.078002
2849 0.078002
2850 0.078002
2851 0.078002
2852 0.078002
2853 0.078002
2854 0.078002
2855 0.078002
2856 0.078002
2857 0.078002
2858 0.078002
2859 0.078002
2860 0.078002
2861 0.078002
2862 0.078002
2863 0.078002
2864 0.078002
2865 0.078002
2866 0.078002
2867 0.078002
2868 0.078002
2869 0.078002
2870 0.078002
2871 0.078002
2872 0.078002
2873 0.078002
2874 0.078002
2875 0.078002
2876 0.078002
2877 0.078002
2878 0.078002
2879 0.078002
2880 0.078002
2881 0.078002
2882 0.078002
2883 0.078002
2884 0.078002
2885 0.078002
2886 0.078002
2887 0.078002
2888 0.078002
2889 0.078002
2890 0.078002
2891 0.078002
2892 0.078002
2893 0.078002
2894 0.078002
2895 0.078002
2896 0.078002
2897 0.078002
2898 0.078002
2899 0.078002
2900 0.078002
2901 0.078002
2902 0.078002
2903 0.078002
2904 0.078002
2905 0.078002
2906 0.078002
2907 0.078002
2908 0.078002
2909 0.078002
2910 0.078002
2911 0.078002
2912 0.078002
2913 0.078002
2914 0.078002
2915 0.078002
2916 0.078002
2917 0.078002
2918 0.078002
2919 0.078002
2920 0.078002
2921 0.078002
2922 0.078002
2923 0.078002
2924 0.078002
2925 0.078002
2926 0.078002
2927 0.078002
2928 0.078002
2929 0.078002
2930 0.078002
2931 0.078002
2932 0.078002
2933 0.078002
2934 0.078002
2935 0.078002
2936 0.078002
2937 0.078002
2938 0.078002
2939 0.078002
2940 0.078002
2941 0.078002
2942 0.078002
2943 0.078002
2944 0.078002
2945 0.078002
2946 0.078002
2947 0.078002
2948 0.078002
2949 0.078002
2950 0.078002
2951 0.078002
2952 0.078002
2953 0.078002
2954 0.078002
2955 0.078002
2956 0.078002
2957 0.078002
2958 0.078002
2959 0.078002
2960 0.078002
2961 0.078002
2962 0.078002
2963 0.078002
2964 0.078002
2965 0.078002
2966 0.078002
2967 0.078002
2968 0.078002
2969 0.078002
2970 0.078002
2971 0.078002
2972 0.078002
2973 0.078002
2974 0.078002
2975 0.078002
2976 0.078002
2977 0.078002
2978 0.078002
2979 0.078002
2980 0.078002
2981 0.078002
2982 0.078002
2983 0.078002
2984 0.078002
2985 0.078002
2986 0.078002
2987 0.078002
2988 0.078002
2989 0.078002
2990 0.078002
2991 0.078002
2992 0.078002
2993 0.078002
2994 0.078002
2995 0.078002
2996 0.078002
2997 0.078002
2998 0.078002
2999 0.078002
3000 0.078002
3001 0.078002
3002 0.078002
3003 0.078002
3004 0.078002
3005 0.078002
3006 0.078002
3007 0.078002
3008 0.078002
3009 0.078002
3010 0.078002
3011 0.078002
3012 0.078002
3013 0.078002
3014 0.078002
3015 0.078002
3016 0.078002
3017 0.078002
3018 0.078002
3019 0.078002
3020 0.078002
3021 0.078002
3022 0.078002
3023 0.078002
3024 0.078002
3025 0.078002
3026 0.078002
3027 0.078002
3028 0.078002
3029 0.078002
3030 0.078002
3031 0.078002
3032 0.078002
3033 0.078002
3034 0.078002
3035 0.078002
3036 0.078002
3037 0.078002
3038 0.078002
3039 0.078002
3040 0.078002
3041 0.078002
3042 0.078002
3043 0.078002
3044 0.078002
3045 0.078002
3046 0.078002
3047 0.078002
3048 0.078002
3049 0.078002
3050 0.078002
3051 0.078002
3052 0.078002
3053 0.078002
3054 0.078002
3055 0.078002
3056 0.078002
3057 0.078002
3058 0.078002
3059 0.078002
3060 0.078002
3061 0.078002
3062 0.078002
3063 0.078002
3064 0.078002
3065 0.078002
3066 0.078002
3067 0.078002
3068 0.078002
3069 0.078002
3070 0.078002
3071 0.078002
3072 0.078002
3073 0.078002
3074 0.078002
3075 0.078002
3076 0.078002
3077 0.078002
3078 0.078002
3079 0.078002
3080 0.078002
3081 0.078002
3082 0.078002
3083 0.078002
3084 0.078002
3085 0.078002
3086 0.078002
3087 0.078002
3088 0.078002
3089 0.078002
3090 0.078002
3091 0.078002
3092 0.078002
3093 0.078002
3094 0.078002
3095 0.078002
3096 0.078002
3097 0.078002
3098 0.078002
3099 0.078002
3100 0.078002
3101 0.078002
3102 0.078002
3103 0.078002
3104 0.078002
3105 0.078002
3106 0.078002
3107 0.078002
3108 0.078002
3109 0.078002
3110 0.078002
3111 0.078002
3112 0.078002
3113 0.078002
3114 0.078002
3115 0.078002
3116 0.078002
3117 0.078002
3118 0.078002
3119 0.078002
3120 0.078002
3121 0.078002
3122 0.078002
3123 0.078002
3124 0.078002
3125 0.078002
3126 0.078002
3127 0.078002
3128 0.078002
3129 0.078002
3130 0.078002
3131 0.078002
3132 0.078002
3133 0.078002
3134 0.078002
3135 0.078002
3136 0.078002
3137 0.078002
3138 0.078002
3139 0.078002
3140 0.078002
3141 0.078002
3142 0.078002
3143 0.078002
3144 0.078002
3145 0.078002
3146 0.078002
3147 0.078002
3148 0.078002
3149 0.078002
3150 0.078002
3151 0.078002
3152 0.078002
3153 0.078002
3154 0.078002
3155 0.078002
3156 0.078002
3157 0.078002
3158 0.078002
3159 0.078002
3160 0.078002
3161 0.078002
3162 0.078002
3163 0.078002
3164 0.078002
3165 0.078002
3166 0.078002
3167 0.078002
3168 0.078002
3169 0.078002
3170 0.078002
3171 0.078002
3172 0.078002
3173 0.078002
3174 0.078002
3175 0.078002
3176 0.078002
3177 0.078002
3178 0.078002
3179 0.078002
3180 0.078002
3181 0.078002
3182 0.078002
3183 0.078002
3184 0.078002
3185 0.078002
3186 0.078002
3187 0.078002
3188 0.078002
3189 0.078002
3190 0.078002
3191 0.078002
3192 0.078002
3193 0.078002
3194 0.078002
3195 0.078002
3196 0.078002
3197 0.078002
3198 0.078002
3199 0.078002
3200 0.078002
3201 0.078002
3202 0.078002
3203 0.078002
3204 0.078002
3205 0.078002
3206 0.078002
3207 0.078002
3208 0.078002
3209 0.078002
3210 0.078002
3211 0.078002
3212 0.078002
3213 0.078002
3214 0.078002
3215 0.078002
3216 0.078002
3217 0.078002
3218 0.078002
3219 0.078002
3220 0.078002
3221 0.078002
3222 0.078002
3223 0.078002
3224 0.078002
3225 0.078002
3226 0.078002
3227 0.078002
3228 0.078002
3229 0.078002
3230 0.078002
3231 0.078002
3232 0.078002
3233 0.078002
3234 0.078002
3235 0.078002
3236 0.078002
3237 0.078002
3238 0.078002
3239 0.078002
3240 0.078002
3241 0.078002
3242 0.078002
3243 0.078002
3244 0.078002
3245 0.078002
3246 0.078002
3247 0.078002
3248 0.078002
3249 0.078002
3250 0.078002
3251 0.078002
3252 0.078002
3253 0.078002
3254 0.078002
3255 0.078002
3256 0.078002
3257 0.078002
3258 0.078002
3259 0.078002
3260 0.078002
3261 0.078002
3262 0.078002
3263 0.078002
3264 0.078002
3265 0.078002
3266 0.078002
3267 0.078002
3268 0.078002
3269 0.078002
3270 0.078002
3271 0.078002
3272 0.078002
3273 0.078002
3274 0.078002
3275 0.078002
3276 0.078002
3277 0.078002
3278 0.078002
3279 0.078002
3280 0.078002
3281 0.078002
3282 0.078002
3283 0.078002
3284 0.078002
3285 0.078002
3286 0.078002
3287 0.078002
3288 0.078002
3289 0.078002
3290 0.078002
3291 0.078002
3292 0.078002
3293 0.078002
3294 0.078002
3295 0.078002
3296 0.078002
3297 0.078002
3298 0.078002
3299 0.078002
3300 0.078002
3301 0.078002
3302 0.078002
3303 0.078002
3304 0.078002
3305 0.078002
3306 0.078002
3307 0.078002
3308 0.078002
3309 0.078002
3310 0.078002
3311 0.078002
3312 0.078002
3313 0.078002
3314 0.078002
3315 0.078002
3316 0.078002
3317 0.078002
3318 0.078002
3319 0.078002
3320 0.078002
3321 0.078002
3322 0.078002
3323 0.078002
3324 0.078002
3325 0.078002
3326 0.078002
3327 0.078002
3328 0.078002
3329 0.078002
3330 0.078002
3331 0.078002
3332 0.078002
3333 0.078002
3334 0.078002
3335 0.078002
3336 0.078002
3337 0.078002
3338 0.078002
3339 0.078002
3340 0.078002
3341 0.078002
3342 0.078002
3343 0.078002
3344 0.078002
3345 0.078002
3346 0.078002
3347 0.078002
3348 0.078002
3349 0.078002
3350 0.078002
3351 0.078002
3352 0.078002
3353 0.078002
3354 0.078002
3355 0.078002
3356 0.078002
3357 0.078002
3358 0.078002
3359 0.078002
3360 0.078002
3361 0.078002
3362 0.078002
3363 0.078002
3364 0.078002
3365 0.078002
3366 0.078002
3367 0.078002
3368 0.078002
3369 0.078002
3370 0.078002
3371 0.078002
3372 0.078002
3373 0.078002
3374 0.078002
3375 0.078002
3376 0.078002
3377 0.078002
3378 0.078002
3379 0.078002
3380 0.078002
3381 0.078002
3382 0.078002
3383 0.078002
3384 0.078002
3385 0.078002
3386 0.078002
3387 0.078002
3388 0.078002
3389 0.078002
3390 0.078002
3391 0.078002
3392 0.078002
3393 0.078002
3394 0.078002
3395 0.078002
3396 0.078002
3397 0.078002
3398 0.078002
3399 0.078002
3400 0.078002
3401 0.078002
3402 0.078002
3403 0.078002
3404 0.078002
3405 0.078002
3406 0.078002
3407 0.078002
3408 0.078002
3409 0.078002
3410 0.078002
3411 0.078002
3412 0.078002
3413 0.078002
3414 0.078002
3415 0.078002
3416 0.078002
3417 0.078002
3418 0.078002
3419 0.078002
3420 0.078002
3421 0.078002
3422 0.078002
3423 0.078002
3424 0.078002
3425 0.078002
3426 0.078002
3427 0.078002
3428 0.078002
3429 0.078002
3430 0.078002
3431 0.078002
3432 0.078002
3433 0.078002
3434 0.078002
3435 0.078002
3436 0.078002
3437 0.078002
3438 0.078002
3439 0.078002
3440 0.078002
3441 0.078002
3442 0.078002
3443 0.078002
3444 0.078002
3445 0.078002
3446 0.078002
3447 0.078002
3448 0.078002
3449 0.078002
3450 0.078002
3451 0.078002
3452 0.078002
3453 0.078002
3454 0.078002
3455 0.078002
3456 0.078002
3457 0.078002
3458 0.078002
3459 0.078002
3460 0.078002
3461 0.078002
3462 0.078002
3463 0.078002
3464 0.078002
3465 0.078002
3466 0.078002
3467 0.078002
3468 0.078002
3469 0.078002
3470 0.078002
3471 0.078002
3472 0.078002
3473 0.078002
3474 0.078002
3475 0.078002
3476 0.078002
3477 0.078002
3478 0.078002
3479 0.078002
3480 0.078002
3481 0.078002
3482 0.078002
3483 0.078002
3484 0.078002
3485 0.078002
3486 0.078002
3487 0.078002
3488 0.078002
3489 0.078002
3490 0.078002
3491 0.078002
3492 0.078002
3493 0.078002
3494 0.078002
3495 0.078002
3496 0.078002
3497 0.078002
3498 0.078002
3499 0.078002
3500 0.078002
3501 0.078002
3502 0.078002
3503 0.078002
3504 0.078002
3505 0.078002
3506 0.078002
3507 0.078002
3508 0.078002
3509 0.078002
3510 0.078002
3511 0.078002
3512 0.078002
3513 0.078002
3514 0.078002
3515 0.078002
3516 0.078002
3517 0.078002
3518 0.078002
3519 0.078002
3520 0.078002
3521 0.078002
3522 0.078002
3523 0.078002
3524 0.078002
3525 0.078002
3526 0.078002
3527 0.078002
3528 0.078002
3529 0.078002
3530 0.078002
3531 0.078002
3532 0.078002
3533 0.078002
3534 0.078002
3535 0.078002
3536 0.078002
3537 0.078002
3538 0.078002
3539 0.078002
3540 0.078002
3541 0.078002
3542 0.078002
3543 0.078002
3544 0.078002
3545 0.078002
3546 0.078002
3547 0.078002
3548 0.078002
3549 0.078002
3550 0.078002
3551 0.078002
3552 0.078002
3553 0.078002
3554 0.078002
3555 0.078002
3556 0.078002
3557 0.078002
3558 0.078002
3559 0.078002
3560 0.078002
3561 0.078002
3562 0.078002
3563 0.078002
3564 0.078002
3565 0.078002
3566 0.078002
3567 0.078002
3568 0.078002
3569 0.078002
3570 0.078002
3571 0.078002
3572 0.078002
3573 0.078002
3574 0.078002
3575 0.078002
3576 0.078002
3577 0.078002
3578 0.078002
3579 0.078002
3580 0.078002
3581 0.078002
3582 0.078002
3583 0.078002
3584 0.078002
3585 0.078002
3586 0.078002
3587 0.078002
3588 0.078002
3589 0.078002
3590 0.078002
3591 0.078002
3592 0.078002
3593 0.078002
3594 0.078002
3595 0.078002
3596 0.078002
3597 0.078002
3598 0.078002
3599 0.078002
3600 0.078002
3601 0.078002
3602 0.078002
3603 0.078002
3604 0.078002
3605 0.078002
3606 0.078002
3607 0.078002
3608 0.078002
3609 0.078002
3610 0.078002
3611 0.078002
3612 0.078002
3613 0.078002
3614 0.078002
3615 0.078002
3616 0.078002
3617 0.078002
3618 0.078002
3619 0.078002
3620 0.078002
3621 0.078002
3622 0.078002
3623 0.078002
3624 0.078002
3625 0.078002
3626 0.078002
3627 0.078002
3628 0.078002
3629 0.078002
3630 0.078002
3631 0.078002
3632 0.078002
3633 0.078002
3634 0.078002
3635 0.078002
3636 0.078002
3637 0.078002
3638 0.078002
3639 0.078002
3640 0.078002
3641 0.078002
3642 0.078002
3643 0.078002
3644 0.078002
3645 0.078002
3646 0.078002
3647 0.078002
3648 0.078002
3649 0.078002
3650 0.078002
3651 0.078002
3652 0.078002
3653 0.078002
3654 0.078002
3655 0.078002
3656 0.078002
3657 0.078002
3658 0.078002
3659 0.078002
3660 0.078002
3661 0.078002
3662 0.078002
3663 0.078002
3664 0.078002
3665 0.078002
3666 0.078002
3667 0.078002
3668 0.078002
3669 0.078002
3670 0.078002
3671 0.078002
3672 0.078002
3673 0.078002
3674 0.078002
3675 0.078002
3676 0.078002
3677 0.078002
3678 0.078002
3679 0.078002
3680 0.078002
3681 0.078002
3682 0.078002
3683 0.078002
3684 0.078002
3685 0.078002
3686 0.078002
3687 0.078002
3688 0.078002
3689 0.078002
3690 0.078002
3691 0.078002
3692 0.078002
3693 0.078002
3694 0.078002
3695 0.078002
3696 0.078002
3697 0.078002
3698 0.078002
3699 0.078002
3700 0.078002
3701 0.078002
3702 0.078002
3703 0.078002
3704 0.078002
3705 0.078002
3706 0.078002
3707 0.078002
3708 0.078002
3709 0.078002
3710 0.078002
3711 0.078002
3712 0.078002
3713 0.078002
3714 0.078002
3715 0.078002
3716 0.078002
3717 0.078002
3718 0.078002
3719 0.078002
3720 0.078002
3721 0.078002
3722 0.078002
3723 0.078002
3724 0.078002
3725 0.078002
3726 0.078002
3727 0.078002
3728 0.078002
3729 0.078002
3730 0.078002
3731 0.078002
3732 0.078002
3733 0.078002
3734 0.078002
3735 0.078002
3736 0.078002
3737 0.078002
3738 0.078002
3739 0.078002
3740 0.078002
3741 0.078002
3742 0.078002
3743 0.078002
3744 0.078002
3745 0.078002
3746 0.078002
3747 0.078002
3748 0.078002
3749 0.078002
3750 0.078002
3751 0.078002
3752 0.078002
3753 0.078002
3754 0.078002
3755 0.078002
3756 0.078002
3757 0.078002
3758 0.078002
3759 0.078002
3760 0.078002
3761 0.078002
3762 0.078002
3763 0.078002
3764 0.078002
3765 0.078002
3766 0.078002
3767 0.078002
3768 0.078002
3769 0.078002
3770 0.078002
3771 0.078002
3772 0.078002
3773 0.078002
3774 0.078002
3775 0.078002
3776 0.078002
3777 0.078002
3778 0.078002
3779 0.078002
3780 0.078002
3781 0.078002
3782 0.078002
3783 0.078002
3784 0.078002
3785 0.078002
3786 0.078002
3787 0.078002
3788 0.078002
3789 0.078002
3790 0.078002
3791 0.078002
3792 0.078002
3793 0.078002
3794 0.078002
3795 0.078002
3796 0.078002
3797 0.078002
3798 0.078002
3799 0.078002
3800 0.078002
3801 0.078002
3802 0.078002
3803 0.078002
3804 0.078002
3805 0.078002
3806 0.078002
3807 0.078002
3808 0.078002
3809 0.078002
3810 0.078002
3811 0.078002
3812 0.078002
3813 0.078002
3814 0.078002
3815 0.078002
3816 0.078002
3817 0.078002
3818 0.078002
3819 0.078002
3820 0.078002
3821 0.078002
3822 0.078002
3823 0.078002
3824 0.078002
3825 0.078002
3826 0.078002
3827 0.078002
3828 0.078002
3829 0.078002
3830 0.078002
3831 0.078002
3832 0.078002
3833 0.078002
3834 0.078002
3835 0.078002
3836 0.078002
3837 0.078002
3838 0.078002
3839 0.078002
3840 0.078002
3841 0.078002
3842 0.078002
3843 0.078002
3844 0.078002
3845 0.078002
3846 0.078002
3847 0.078002
3848 0.078002
3849 0.078002
3850 0.078002
3851 0.078002
3852 0.078002
3853 0.078002
3854 0.078002
3855 0.078002
3856 0.078002
3857 0.078002
3858 0.078002
3859 0.078002
3860 0.078002
3861 0.078002
3862 0.078002
3863 0.078002
3864 0.078002
3865 0.078002
3866 0.078002
3867 0.078002
3868 0.078002
3869 0.078002
3870 0.078002
3871 0.078002
3872 0.078002
3873 0.078002
3874 0.078002
3875 0.078002
3876 0.078002
3877 0.078002
3878 0.078002
3879 0.078002
3880 0.078002
3881 0.078002
3882 0.078002
3883 0.078002
3884 0.078002
3885 0.078002
3886 0.078002
3887 0.078002
3888 0.078002
3889 0.078002
3890 0.078002
3891 0.078002
3892 0.078002
3893 0.078002
3894 0.078002
3895 0.078002
3896 0.078002
3897 0.078002
3898 0.078002
3899 0.078002
3900 0.078002
3901 0.078002
3902 0.078002
3903 0.078002
3904 0.078002
3905 0.078002
3906 0.078002
3907 0.078002
3908 0.078002
3909 0.078002
3910 0.078002
3911 0.078002
3912 0.078002
3913 0.078002
3914 0.078002
3915 0.078002
3916 0.078002
3917 0.078002
3918 0.078002
3919 0.078002
3920 0.078002
3921 0.078002
3922 0.078002
3923 0.078002
3924 0.078002
3925 0.078002
3926 0.078002
3927 0.078002
3928 0.078002
3929 0.078002
3930 0.078002
3931 0.078002
3932 0.078002
3933 0.078002
3934 0.078002
3935 0.078002
3936 0.078002
3937 0.078002
3938 0.078002
3939 0.078002
3940 0.078002
3941 0.078002
3942 0.078002
3943 0.078002
3944 0.078002
3945 0.078002
3946 0.078002
3947 0.078002
3948 0.078002
3949 0.078002
3950 0.078002
3951 0.078002
3952 0.078002
3953 0.078002
3954 0.078002
3955 0.078002
3956 0.078002
3957 0.078002
3958 0.078002
3959 0.078002
3960 0.078002
3961 0.078002
3962 0.078002
3963 0.078002
3964 0.078002
3965 0.078002
3966 0.078002
3967 0.078002
3968 0.078002
3969 0.078002
3970 0.078002
3971 0.078002
3972 0.078002
3973 0.078002
3974 0.078002
3975 0.078002
3976 0.078002
3977 0.078002
3978 0.078002
3979 0.078002
3980 0.078002
3981 0.078002
3982 0.078002
3983 0.078002
3984 0.078002
3985 0.078002
3986 0.078002
3987 0.078002
3988 0.078002
3989 0.078002
3990 0.078002
3991 0.078002
3992 0.078002
3993 0.078002
3994 0.078002
3995 0.078002
3996 0.078002
3997 0.078002
3998 0.078002
3999 0.078002
